random exploration C=1 V=48

seed=1285844145
0 loops found after 16777216/6.20696e+60
longest game (3082):
cartes_joueur1=[21,8,11,10,39,36,3,44,6,12,37,40,4,15,41,47,1,42,34,32,25,33,19,29,]
cartes_joueur2=[20,16,14,27,22,13,31,43,24,38,46,2,30,18,5,17,45,35,48,28,23,9,7,26,]
time: 61s
0 loops found after 33554432/6.20696e+60
longest game (3328):
cartes_joueur1=[32,13,28,23,48,29,16,30,37,15,41,39,27,43,2,9,17,42,19,12,44,26,46,1,]
cartes_joueur2=[40,38,34,31,25,14,3,24,21,4,33,11,5,47,36,18,6,7,22,45,10,35,20,8,]
time: 123s
0 loops found after 67108864/6.20696e+60
longest game (3588):
cartes_joueur1=[30,34,46,31,11,42,16,27,41,6,26,5,40,2,47,32,14,43,37,3,24,38,23,25,]
cartes_joueur2=[4,21,36,35,48,33,45,7,12,15,17,1,18,9,8,39,10,44,20,29,28,13,19,22,]
time: 248s
0 loops found after 117440512/6.20696e+60
longest game (3808):
cartes_joueur1=[9,26,12,30,35,19,32,2,15,5,6,24,28,23,21,48,43,31,16,29,38,40,4,39,]
cartes_joueur2=[25,11,1,27,20,33,13,17,45,10,41,36,37,34,47,22,14,3,46,7,8,18,44,42,]
time: 440s
0 loops found after 234881024/6.20696e+60
longest game (3946):
cartes_joueur1=[1,3,24,17,27,12,15,40,4,48,41,39,22,9,30,16,23,21,29,34,18,8,43,37,]
cartes_joueur2=[19,5,11,46,10,28,25,14,38,26,31,7,32,2,45,42,6,35,47,44,13,33,20,36,]
time: 893s
0 loops found after 838860800/6.20696e+60
longest game (4146):
cartes_joueur1=[36,22,16,45,25,48,26,28,20,23,15,33,17,12,42,13,46,27,18,32,19,8,43,6,]
cartes_joueur2=[3,14,2,11,10,37,30,38,41,1,39,34,21,40,29,47,5,24,4,31,44,7,35,9,]
time: 3218s
