random exploration C=1 V=64

seed=1222658665
0 loops found after 1048576/6.34435e+88
longest game (5564):
cartes_joueur1=[29,14,13,15,49,55,58,56,30,25,8,2,61,39,9,22,24,10,52,4,43,6,59,11,33,63,28,26,32,40,47,37,]
cartes_joueur2=[57,16,17,42,21,53,18,50,36,35,64,46,38,5,34,3,19,48,44,51,41,31,1,20,12,45,23,54,27,7,62,60,]
time: 6s
0 loops found after 2097152/6.34435e+88
longest game (6228):
cartes_joueur1=[50,42,55,23,63,1,2,49,15,39,10,41,11,47,36,30,40,12,29,62,14,5,6,33,16,13,45,52,18,17,3,8,]
cartes_joueur2=[59,61,9,57,34,35,28,24,31,21,48,60,64,54,43,27,20,53,38,51,56,32,46,4,58,44,25,22,19,7,26,37,]
time: 12s
0 loops found after 25165824/6.34435e+88
longest game (7276):
cartes_joueur1=[16,50,6,17,19,32,58,13,54,20,15,45,22,51,53,10,3,1,47,43,46,23,12,31,8,59,11,64,41,49,56,29,]
cartes_joueur2=[18,7,25,62,55,63,35,37,28,36,2,39,44,21,57,60,34,42,61,9,33,4,48,40,24,38,30,27,52,5,26,14,]
time: 150s
0 loops found after 352321536/6.34435e+88
longest game (7568):
cartes_joueur1=[7,52,62,59,39,8,33,41,63,57,34,36,43,20,12,27,9,38,45,40,50,53,10,49,61,31,46,21,58,19,5,30,]
cartes_joueur2=[22,29,4,54,32,23,35,44,48,60,14,47,25,55,24,42,26,11,18,13,15,1,6,2,56,64,37,51,17,16,3,28,]
time: 2111s
