random exploration C=4 V=11

seed=3324005153
0 loops found after 1048576/8.73465e+38
longest game (2548):
cartes_joueur1=[11,7,10,2,4,5,5,10,2,5,10,3,5,1,11,6,6,2,4,3,8,7,]
cartes_joueur2=[9,8,2,9,1,8,8,3,11,7,11,1,6,6,9,7,3,4,1,10,9,4,]
time: 3s
0 loops found after 3145728/8.73465e+38
longest game (2658):
cartes_joueur1=[7,3,9,5,5,7,5,7,9,6,11,7,4,1,2,9,2,8,1,3,5,10,]
cartes_joueur2=[8,4,6,11,2,9,4,10,1,3,1,8,3,11,4,6,11,10,6,2,10,8,]
time: 9s
0 loops found after 6291456/8.73465e+38
longest game (2698):
cartes_joueur1=[2,3,2,10,2,1,7,11,11,11,10,6,7,4,9,1,5,6,8,2,5,7,]
cartes_joueur2=[11,4,4,10,8,4,6,7,9,1,8,6,9,8,3,5,1,5,10,3,3,9,]
time: 19s
0 loops found after 7340032/8.73465e+38
longest game (3011):
cartes_joueur1=[1,3,11,5,3,9,5,6,8,4,2,6,7,9,8,5,1,3,9,4,1,11,]
cartes_joueur2=[6,10,7,10,7,11,10,1,2,8,9,5,8,2,4,11,2,3,10,4,7,6,]
time: 22s
0 loops found after 9437184/8.73465e+38
longest game (3111):
cartes_joueur1=[8,2,5,1,9,1,2,10,7,11,11,10,4,1,5,6,9,8,4,4,7,7,]
cartes_joueur2=[11,2,3,1,6,8,3,9,2,10,11,6,6,7,9,5,8,3,10,3,5,4,]
time: 29s
0 loops found after 37748736/8.73465e+38
longest game (3113):
cartes_joueur1=[8,2,8,6,4,1,11,9,9,3,4,7,7,5,6,10,7,7,11,8,9,11,]
cartes_joueur2=[10,3,2,9,4,6,3,5,4,5,2,8,3,2,1,10,5,6,1,10,1,11,]
time: 128s
0 loops found after 166723584/8.73465e+38
longest game (3396):
cartes_joueur1=[7,10,11,7,7,9,8,11,9,4,5,10,10,1,5,3,2,1,2,6,4,3,]
cartes_joueur2=[9,2,6,9,10,4,8,2,11,6,1,5,5,4,1,8,7,8,11,6,3,3,]
time: 584s
0 loops found after 480247808/8.73465e+38
longest game (3614):
cartes_joueur1=[1,3,2,4,6,3,5,8,4,2,1,7,11,6,4,7,5,3,8,10,5,3,]
cartes_joueur2=[2,6,7,11,9,10,11,2,10,9,10,9,7,1,11,9,6,8,1,4,5,8,]
time: 1720s
0 loops found after 2824863744/8.73465e+38
longest game (4001):
cartes_joueur1=[9,7,4,3,1,6,11,5,10,5,4,8,3,10,11,4,1,9,5,4,6,7,]
cartes_joueur2=[7,3,9,6,10,8,11,11,1,3,5,2,10,2,1,8,8,6,2,2,9,7,]
time: 10191s
1 loops found after 3017801728/8.73465e+38
shortest game with cycle (13440):
cartes_joueur1=[3,8,7,7,10,1,6,11,6,2,2,1,4,9,1,5,4,3,9,8,5,5,]
cartes_joueur2=[8,3,7,3,11,8,9,10,7,5,2,10,6,6,9,4,11,1,2,11,10,4,]
longest game (4001):
cartes_joueur1=[9,7,4,3,1,6,11,5,10,5,4,8,3,10,11,4,1,9,5,4,6,7,]
cartes_joueur2=[7,3,9,6,10,8,11,11,1,3,5,2,10,2,1,8,8,6,2,2,9,7,]
time: 10958s
2 loops found after 4111466496/8.73465e+38
shortest game with cycle (1152):
cartes_joueur1=[1,3,4,9,4,9,6,5,10,7,6,10,5,7,10,11,11,2,8,7,9,5,]
cartes_joueur2=[8,1,4,1,4,8,2,11,6,3,7,2,8,3,9,1,2,3,10,5,6,11,]
longest game (4001):
cartes_joueur1=[9,7,4,3,1,6,11,5,10,5,4,8,3,10,11,4,1,9,5,4,6,7,]
cartes_joueur2=[7,3,9,6,10,8,11,11,1,3,5,2,10,2,1,8,8,6,2,2,9,7,]
time: 15247s
2 loops found after 5687476224/8.73465e+38
shortest game with cycle (1152):
cartes_joueur1=[1,3,4,9,4,9,6,5,10,7,6,10,5,7,10,11,11,2,8,7,9,5,]
cartes_joueur2=[8,1,4,1,4,8,2,11,6,3,7,2,8,3,9,1,2,3,10,5,6,11,]
longest game (4087):
cartes_joueur1=[10,5,11,2,3,11,4,10,1,1,3,5,6,11,5,9,4,2,8,6,1,7,]
cartes_joueur2=[6,8,8,8,4,4,3,9,9,2,7,1,5,3,10,2,9,7,11,7,6,10,]
time: 21402s
3 loops found after 14424211456/8.73465e+38
shortest game with cycle (1152):
cartes_joueur1=[1,3,4,9,4,9,6,5,10,7,6,10,5,7,10,11,11,2,8,7,9,5,]
cartes_joueur2=[8,1,4,1,4,8,2,11,6,3,7,2,8,3,9,1,2,3,10,5,6,11,]
longest game (4211):
cartes_joueur1=[10,5,11,5,2,3,4,6,10,10,8,8,9,4,5,1,10,5,11,7,8,8,]
cartes_joueur2=[4,9,1,7,1,6,2,3,6,3,3,9,2,7,9,2,7,1,11,11,4,6,]
time: 56994s
