random exploration C=4 V=12

seed=2853038784
0 loops found after 1048576/1.69959e+44
longest game (2508):
cartes_joueur1=[5,6,9,12,1,1,12,4,1,3,5,10,8,6,9,9,4,1,2,7,6,3,6,2,]
cartes_joueur2=[4,8,10,2,8,11,9,7,7,12,11,3,7,5,8,10,12,5,4,3,2,10,11,11,]
time: 6s
0 loops found after 3145728/1.69959e+44
longest game (2877):
cartes_joueur1=[6,5,7,12,11,10,10,12,3,11,4,2,7,5,6,3,4,5,1,3,8,2,2,12,]
cartes_joueur2=[8,9,3,6,5,1,9,4,1,11,10,7,2,8,7,4,11,8,6,10,9,1,9,12,]
time: 19s
0 loops found after 8388608/1.69959e+44
longest game (3090):
cartes_joueur1=[3,2,12,5,1,7,2,11,9,8,7,10,8,6,9,6,11,2,2,4,5,7,10,3,]
cartes_joueur2=[4,6,4,6,1,8,11,10,10,3,3,7,1,12,5,8,9,5,4,9,11,12,12,1,]
time: 51s
0 loops found after 18874368/1.69959e+44
longest game (3256):
cartes_joueur1=[9,5,8,6,3,2,12,9,1,2,10,4,7,5,1,12,7,5,7,11,12,4,8,3,]
cartes_joueur2=[12,8,11,11,10,2,6,4,9,2,4,3,11,9,5,3,6,8,10,7,6,1,10,1,]
time: 108s
0 loops found after 32505856/1.69959e+44
longest game (3474):
cartes_joueur1=[6,8,9,10,9,10,2,7,3,7,5,2,11,11,8,3,12,4,6,1,11,5,4,6,]
cartes_joueur2=[5,9,12,9,4,6,7,10,3,12,2,8,7,5,8,3,4,12,1,2,1,1,10,11,]
time: 177s
0 loops found after 270532608/1.69959e+44
longest game (3955):
cartes_joueur1=[7,12,11,7,12,5,3,2,8,11,6,9,8,8,2,3,2,10,2,6,5,3,12,5,]
cartes_joueur2=[6,3,9,8,9,12,10,1,7,1,11,10,4,4,4,1,1,5,7,6,10,4,11,9,]
time: 1396s
0 loops found after 3263168512/1.69959e+44
longest game (4160):
cartes_joueur1=[3,10,5,7,4,6,6,9,1,1,2,4,2,7,3,12,6,5,8,8,3,7,12,11,]
cartes_joueur2=[9,10,12,12,10,9,11,5,3,4,8,1,10,11,7,5,4,9,2,6,2,11,8,1,]
time: 17048s
