random exploration C=4 V=13

seed=3183288941
0 loops found after 1048576/4.60121e+49
longest game (3123):
cartes_joueur1=[9,12,12,9,2,3,6,2,12,4,2,3,3,5,13,10,1,4,11,7,6,4,7,13,5,9,]
cartes_joueur2=[6,11,10,8,7,10,10,1,9,11,1,4,8,13,5,13,12,8,11,5,3,6,7,1,2,8,]
time: 7s
0 loops found after 2097152/4.60121e+49
longest game (3736):
cartes_joueur1=[5,1,2,10,2,7,11,13,6,13,5,4,6,4,10,4,8,12,9,3,11,4,1,10,10,5,]
cartes_joueur2=[11,1,8,13,7,11,8,2,2,12,7,7,3,6,6,9,13,9,12,3,9,3,5,12,8,1,]
time: 15s
0 loops found after 13631488/4.60121e+49
longest game (4523):
cartes_joueur1=[3,1,2,6,2,5,6,11,12,4,13,12,13,3,3,5,7,9,4,8,1,1,6,9,3,11,]
cartes_joueur2=[12,9,6,2,7,11,8,10,12,1,11,4,9,5,8,4,7,2,10,13,10,7,10,8,13,5,]
time: 81s
