random exploration C=4 V=13

seed=6243159
0 loops found after 1048576/4.60121e+49
longest game (3569):
cartes_joueur1=[4,10,11,3,8,4,8,12,6,10,9,3,1,8,13,13,7,3,8,12,7,5,7,10,9,6,]
cartes_joueur2=[2,2,10,9,1,1,4,6,2,6,5,11,1,4,2,7,5,5,9,3,11,13,11,12,12,13,]
time: 4s
0 loops found after 3145728/4.60121e+49
longest game (3620):
cartes_joueur1=[8,9,13,1,12,2,4,12,7,2,2,11,1,6,6,4,9,12,2,9,8,11,12,3,8,13,]
cartes_joueur2=[6,5,5,1,3,13,3,10,8,4,10,13,4,7,11,5,5,7,10,6,9,11,1,7,10,3,]
time: 13s
0 loops found after 4194304/4.60121e+49
longest game (3685):
cartes_joueur1=[13,6,7,12,7,1,3,5,9,11,8,4,1,3,6,8,4,8,11,12,10,2,12,6,6,8,]
cartes_joueur2=[4,4,2,11,9,2,1,1,13,11,5,3,13,12,7,9,10,5,13,5,10,10,7,3,2,9,]
time: 17s
0 loops found after 19922944/4.60121e+49
longest game (3796):
cartes_joueur1=[3,2,3,8,6,1,11,12,5,13,1,4,6,9,12,13,10,2,4,9,8,7,11,9,13,12,]
cartes_joueur2=[9,2,2,5,11,3,1,6,10,1,4,12,7,3,7,8,13,10,6,8,11,5,7,10,5,4,]
time: 83s
0 loops found after 20971520/4.60121e+49
longest game (3800):
cartes_joueur1=[1,11,9,6,1,13,2,12,7,2,4,3,4,10,12,13,3,10,12,3,5,9,8,6,8,7,]
cartes_joueur2=[13,7,13,3,8,7,11,9,1,5,11,5,1,4,2,12,2,10,8,5,9,11,6,10,4,6,]
time: 88s
0 loops found after 25165824/4.60121e+49
longest game (3921):
cartes_joueur1=[13,13,12,2,5,3,12,6,9,5,7,11,5,11,9,10,11,7,3,8,13,12,10,1,7,10,]
cartes_joueur2=[6,4,2,1,6,9,10,4,9,8,3,1,1,4,2,8,4,5,11,3,8,6,13,7,2,12,]
time: 105s
0 loops found after 35651584/4.60121e+49
longest game (4028):
cartes_joueur1=[1,2,11,12,13,5,11,5,1,6,7,8,9,4,4,2,12,11,7,2,4,10,3,6,13,2,]
cartes_joueur2=[5,9,3,3,10,13,3,12,1,4,8,9,7,6,11,5,7,9,8,13,12,10,8,6,1,10,]
time: 149s
0 loops found after 50331648/4.60121e+49
longest game (4258):
cartes_joueur1=[7,13,4,4,3,2,8,5,8,9,1,9,6,11,1,2,7,10,11,3,12,1,12,13,2,4,]
cartes_joueur2=[7,11,12,2,6,5,9,5,8,7,5,12,3,10,8,6,4,3,11,9,10,10,13,13,1,6,]
time: 211s
0 loops found after 66060288/4.60121e+49
longest game (4417):
cartes_joueur1=[10,8,8,1,7,9,6,11,11,3,11,10,4,5,6,3,7,9,12,5,13,8,9,12,4,3,]
cartes_joueur2=[1,13,10,5,13,6,4,2,5,9,2,1,10,1,2,7,2,11,6,12,4,13,12,3,7,8,]
time: 277s
0 loops found after 163577856/4.60121e+49
longest game (4452):
cartes_joueur1=[8,11,7,5,5,11,12,12,12,5,6,8,5,2,9,1,4,3,10,13,2,4,12,13,9,9,]
cartes_joueur2=[1,13,2,11,10,6,6,1,3,6,3,1,8,2,10,11,9,7,8,3,13,4,7,7,10,4,]
time: 685s
0 loops found after 240123904/4.60121e+49
longest game (4622):
cartes_joueur1=[13,6,10,2,6,3,5,1,7,3,11,2,12,1,8,5,8,1,11,13,10,9,7,12,4,10,]
cartes_joueur2=[2,4,4,8,6,9,1,9,9,3,5,11,11,10,7,6,8,5,12,2,3,13,12,13,7,4,]
time: 1006s
0 loops found after 416284672/4.60121e+49
longest game (4624):
cartes_joueur1=[4,13,10,6,8,10,7,1,13,7,12,1,2,3,8,11,6,9,10,13,2,3,8,12,8,12,]
cartes_joueur2=[7,9,4,5,11,4,11,9,6,12,9,11,3,1,4,3,6,7,5,5,1,13,5,2,2,10,]
time: 1744s
0 loops found after 472907776/4.60121e+49
longest game (4641):
cartes_joueur1=[6,8,7,10,4,5,1,6,12,3,2,11,10,6,7,7,3,6,13,11,4,4,13,1,13,9,]
cartes_joueur2=[8,4,10,12,9,3,9,8,2,3,5,2,5,13,1,9,5,8,10,1,11,2,7,12,12,11,]
time: 1981s
0 loops found after 491782144/4.60121e+49
longest game (4675):
cartes_joueur1=[3,2,11,3,13,6,1,12,7,5,10,3,13,12,6,8,13,1,11,7,5,1,5,3,4,9,]
cartes_joueur2=[5,6,9,12,10,11,4,10,1,8,11,12,10,2,7,9,4,13,8,2,2,8,4,9,6,7,]
time: 2060s
0 loops found after 615514112/4.60121e+49
longest game (5126):
cartes_joueur1=[3,6,5,9,8,7,2,10,12,8,1,10,10,5,5,11,13,7,3,2,4,7,5,11,11,13,]
cartes_joueur2=[12,3,9,8,4,13,1,10,7,6,8,6,9,4,3,11,13,6,2,2,1,4,12,9,12,1,]
time: 2578s
0 loops found after 2384461824/4.60121e+49
longest game (5214):
cartes_joueur1=[9,7,11,13,1,4,8,3,8,9,12,1,12,3,6,7,13,8,11,13,5,1,4,10,5,10,]
cartes_joueur2=[7,4,12,3,9,2,10,11,2,5,6,12,2,9,10,13,2,6,1,3,8,4,11,7,6,5,]
time: 10009s
0 loops found after 4081057792/4.60121e+49
longest game (5231):
cartes_joueur1=[11,13,1,6,12,13,10,12,7,10,3,3,5,7,8,1,9,10,8,9,9,4,4,8,11,1,]
cartes_joueur2=[4,13,10,2,11,6,2,12,5,8,7,2,5,6,3,11,1,7,3,12,9,5,6,4,2,13,]
time: 17177s
0 loops found after 11176771584/4.60121e+49
longest game (5264):
cartes_joueur1=[7,5,8,8,2,4,9,1,4,13,12,10,12,11,9,5,3,7,2,11,13,4,12,10,6,1,]
cartes_joueur2=[3,13,6,8,10,12,13,7,6,2,1,7,6,9,5,11,1,3,9,10,5,8,4,11,2,3,]
time: 47151s
0 loops found after 11673796608/4.60121e+49
longest game (5610):
cartes_joueur1=[7,4,10,12,11,9,8,1,2,6,13,2,6,2,11,6,1,13,1,11,5,12,5,12,4,7,]
cartes_joueur2=[9,9,10,7,8,4,9,6,10,10,3,3,5,3,8,13,3,11,7,2,4,12,1,8,5,13,]
time: 49246s
