random exploration C=4 V=11

seed=547536488
1 loops found after 1048576/8.73465e+38
shortest game with cycle (1143):
cartes_joueur1=[6,7,1,6,3,11,3,10,7,9,9,3,8,7,4,5,1,4,11,10,4,5,]
cartes_joueur2=[5,8,7,10,1,2,2,11,10,4,8,3,6,1,9,11,2,6,9,5,2,8,]
longest game (2171):
cartes_joueur1=[8,8,4,9,7,11,10,3,2,3,1,7,2,5,10,4,5,10,6,1,1,2,]
cartes_joueur2=[9,11,6,8,5,5,10,1,9,6,6,11,8,3,2,9,3,4,4,7,11,7,]
time: 3s
1 loops found after 2097152/8.73465e+38
shortest game with cycle (1143):
cartes_joueur1=[6,7,1,6,3,11,3,10,7,9,9,3,8,7,4,5,1,4,11,10,4,5,]
cartes_joueur2=[5,8,7,10,1,2,2,11,10,4,8,3,6,1,9,11,2,6,9,5,2,8,]
longest game (2228):
cartes_joueur1=[6,2,1,11,11,8,6,4,10,2,10,10,6,1,3,7,2,3,1,2,4,5,]
cartes_joueur2=[7,8,9,5,9,8,9,1,4,11,4,9,3,8,5,10,3,5,7,11,6,7,]
time: 8s
1 loops found after 3145728/8.73465e+38
shortest game with cycle (1143):
cartes_joueur1=[6,7,1,6,3,11,3,10,7,9,9,3,8,7,4,5,1,4,11,10,4,5,]
cartes_joueur2=[5,8,7,10,1,2,2,11,10,4,8,3,6,1,9,11,2,6,9,5,2,8,]
longest game (2448):
cartes_joueur1=[6,2,1,7,6,9,11,8,3,10,6,9,5,4,5,7,3,11,1,4,6,7,]
cartes_joueur2=[10,1,11,1,10,4,8,8,3,11,9,5,7,4,3,8,2,10,5,9,2,2,]
time: 14s
2 loops found after 11534336/8.73465e+38
shortest game with cycle (1143):
cartes_joueur1=[6,7,1,6,3,11,3,10,7,9,9,3,8,7,4,5,1,4,11,10,4,5,]
cartes_joueur2=[5,8,7,10,1,2,2,11,10,4,8,3,6,1,9,11,2,6,9,5,2,8,]
longest game (2754):
cartes_joueur1=[9,6,3,3,8,11,7,1,10,6,1,2,10,9,2,11,10,3,1,3,1,5,]
cartes_joueur2=[5,7,10,5,4,8,9,7,8,2,9,11,7,4,6,11,5,4,8,4,2,6,]
time: 57s
3 loops found after 18874368/8.73465e+38
shortest game with cycle (1134):
cartes_joueur1=[10,10,11,3,11,9,1,6,4,5,4,2,6,2,7,7,8,7,1,4,1,5,]
cartes_joueur2=[7,5,9,5,6,10,9,3,8,2,3,1,11,2,4,8,11,3,8,6,9,10,]
longest game (2754):
cartes_joueur1=[9,6,3,3,8,11,7,1,10,6,1,2,10,9,2,11,10,3,1,3,1,5,]
cartes_joueur2=[5,7,10,5,4,8,9,7,8,2,9,11,7,4,6,11,5,4,8,4,2,6,]
time: 89s
11 loops found after 45088768/8.73465e+38
shortest game with cycle (1134):
cartes_joueur1=[10,10,11,3,11,9,1,6,4,5,4,2,6,2,7,7,8,7,1,4,1,5,]
cartes_joueur2=[7,5,9,5,6,10,9,3,8,2,3,1,11,2,4,8,11,3,8,6,9,10,]
longest game (2835):
cartes_joueur1=[1,7,1,8,7,7,3,11,11,3,2,7,10,4,9,9,6,4,3,5,6,5,]
cartes_joueur2=[9,8,8,10,11,2,5,1,5,10,9,4,3,2,2,8,4,11,6,1,10,6,]
time: 203s
13 loops found after 56623104/8.73465e+38
shortest game with cycle (1125):
cartes_joueur1=[4,11,11,3,6,3,10,7,1,7,1,5,6,10,2,7,10,2,8,5,8,4,]
cartes_joueur2=[1,9,6,1,5,11,5,4,4,9,3,6,8,2,7,9,10,2,11,9,8,3,]
longest game (2835):
cartes_joueur1=[1,7,1,8,7,7,3,11,11,3,2,7,10,4,9,9,6,4,3,5,6,5,]
cartes_joueur2=[9,8,8,10,11,2,5,1,5,10,9,4,3,2,2,8,4,11,6,1,10,6,]
time: 261s
14 loops found after 78643200/8.73465e+38
shortest game with cycle (1125):
cartes_joueur1=[4,11,11,3,6,3,10,7,1,7,1,5,6,10,2,7,10,2,8,5,8,4,]
cartes_joueur2=[1,9,6,1,5,11,5,4,4,9,3,6,8,2,7,9,10,2,11,9,8,3,]
longest game (9222):
cartes_joueur1=[11,11,3,3,5,10,6,9,10,5,10,1,6,4,8,6,4,9,5,3,2,7,]
cartes_joueur2=[7,2,3,2,4,8,7,11,4,6,11,9,2,10,1,9,1,1,8,5,8,7,]
time: 367s
46 loops found after 268435456/8.73465e+38
shortest game with cycle (1116):
cartes_joueur1=[9,4,10,6,3,4,11,10,1,1,8,6,5,4,5,7,6,1,2,11,6,2,]
cartes_joueur2=[2,10,8,11,9,7,9,2,8,5,1,8,3,5,10,11,3,3,7,7,4,9,]
longest game (9222):
cartes_joueur1=[11,11,3,3,5,10,6,9,10,5,10,1,6,4,8,6,4,9,5,3,2,7,]
cartes_joueur2=[7,2,3,2,4,8,7,11,4,6,11,9,2,10,1,9,1,1,8,5,8,7,]
time: 1256s
122 loops found after 607125504/8.73465e+38
shortest game with cycle (1116):
cartes_joueur1=[9,4,10,6,3,4,11,10,1,1,8,6,5,4,5,7,6,1,2,11,6,2,]
cartes_joueur2=[2,10,8,11,9,7,9,2,8,5,1,8,3,5,10,11,3,3,7,7,4,9,]
longest game (10953):
cartes_joueur1=[5,3,9,8,5,6,8,2,2,7,1,7,11,4,6,10,8,1,11,4,6,4,]
cartes_joueur2=[9,10,1,4,9,10,10,11,3,2,3,1,5,2,11,8,6,7,7,3,5,9,]
time: 2739s
150 loops found after 773849088/8.73465e+38
shortest game with cycle (1116):
cartes_joueur1=[9,4,10,6,3,4,11,10,1,1,8,6,5,4,5,7,6,1,2,11,6,2,]
cartes_joueur2=[2,10,8,11,9,7,9,2,8,5,1,8,3,5,10,11,3,3,7,7,4,9,]
longest game (11875):
cartes_joueur1=[11,2,1,7,2,10,7,8,8,2,1,7,5,9,3,1,6,6,9,7,3,3,]
cartes_joueur2=[9,4,4,5,4,1,5,11,6,2,4,9,6,10,10,5,10,8,11,3,8,11,]
time: 3380s
173 loops found after 904921088/8.73465e+38
shortest game with cycle (1098):
cartes_joueur1=[10,7,3,2,1,4,1,7,8,9,11,3,1,5,4,11,9,10,10,6,2,7,]
cartes_joueur2=[3,5,8,11,6,6,9,6,11,8,3,2,4,10,5,7,9,5,1,8,4,2,]
longest game (11875):
cartes_joueur1=[11,2,1,7,2,10,7,8,8,2,1,7,5,9,3,1,6,6,9,7,3,3,]
cartes_joueur2=[9,4,4,5,4,1,5,11,6,2,4,9,6,10,10,5,10,8,11,3,8,11,]
time: 3912s
242 loops found after 1308622848/8.73465e+38
shortest game with cycle (1098):
cartes_joueur1=[10,7,3,2,1,4,1,7,8,9,11,3,1,5,4,11,9,10,10,6,2,7,]
cartes_joueur2=[3,5,8,11,6,6,9,6,11,8,3,2,4,10,5,7,9,5,1,8,4,2,]
longest game (15801):
cartes_joueur1=[2,6,2,5,2,7,10,10,11,10,4,1,6,4,10,9,5,3,7,8,8,1,]
cartes_joueur2=[11,3,11,8,4,2,6,4,7,6,11,1,8,1,7,9,5,9,3,9,3,5,]
time: 5886s
